82.9028
78.4560
72.9167
71.8819
83.7153
85.5208
76.8194
65.7569
75.1389
80.8403
69.8750
81.0903
91.7708
86.4861
81.2014
78.5139
85.9583
89.5625
95.0625
91.3472
93.2361
90.6875
85.5764
85.1389
83.3750
93.5000
87.8194
82.2222
87.6806
88.3264
86.4722
88.0069
86.3264
88.0417
96.5208
97.8819
87.5833
75.1736
74.7917
76.3750
90.4792
98.4514
97.4444
85.9514
83.1806
92.9514
95.2431
98.7778
92.0625
95.2569
93.7639
93.2431
92.1736
96.3889
93.3819
93.2986
89.8972
93.4583
96.1875
100.0000
92.4931
83.0486
80.5972
81.4167
77.1806
82.6181
93.9931
98.0417
98.6736
79.6458
98.6667
98.7014
98.2569
99.9306
93.0903
88.5931
91.0417
93.3264
96.4028
90.9722
81.7708
78.2639
75.7083
76.6597
78.5833
80.5347
85.6389
76.6528
72.7222
72.3542
90.8403
89.0556
85.7917
94.9653
93.4097
84.9097
81.9236
71.8375
77.4583
75.4444
81.8333
80.3403
91.5764
96.2222
91.4236
83.9850
84.2060
86.1861
85.4792
88.0417
82.7176
82.0764
78.4375
80.3889
73.1389
81.6806
81.4063
80.9097
89.5625
96.2222
95.7639
83.0139
87.3125
81.8669
78.3403
88.1528
87.6319
81.0347
84.4444
84.4653
95.9097
85.6597
90.3750
93.4028
84.1792
84.7778
91.6528
95.1875
92.5556
84.7917
84.2292
84.8333
75.7014
86.5000
97.5556
94.4792
91.8472
91.8056
92.9444
90.2500
91.0556
92.0139
85.7708
94.2506
75.3527
78.1440
91.8230
95.7540
74.9170
77.9851
80.3721
86.5911
99.7688
99.9259
88.4031
97.1004
92.6848
87.4550
80.4913
85.4394
79.5240
80.4900
86.3559
90.3176
88.1141
90.6713
93.8264
93.4097
91.2667
97.9792
94.8403
88.7153
88.4792
84.4236
94.1042
98.9167
94.5000
98.6111
98.7708
100.0000
99.8681
99.9306
98.9375
95.5000
90.6111
75.6944
73.6319
74.8056
73.6597
73.8681
81.4792
83.4514
82.3472
97.8125
92.6806
94.2014
83.7667
84.2500
84.1250
88.1944
88.2500
87.4792
79.2639
72.8125
68.1875
78.2222
77.9722
77.1167
85.2292
92.4722
87.9028
90.4514
91.4861
88.2847
93.0139
89.3819
89.0347
93.7708
82.4167
80.8056
89.3056
77.4722
77.9583
70.0139
66.5972
92.7569
88.2014
90.4931
89.3958
80.8681
74.4861
79.2292
83.8958
92.9778
90.5278
84.3403
74.3194
73.4236
81.0139
92.9375
89.1250
84.2847
82.8056
95.7917
90.2292
92.2361
92.7986
86.2708
86.9236
89.8542
93.9583
99.8472
100.0000
99.0833
99.5278
98.8819
87.4931
88.6181
92.2431
88.0764
88.7431
89.3958
97.5278
100.0000
98.7708
93.7986
88.8403
88.6458
90.2083
87.3889
85.1319
80.1528
84.2639
83.5972
91.1181
99.9653
95.6806
100.0000
87.7778
81.2111
74.4653
79.2153
84.2361
84.1458
85.2222
83.1528
92.2014
90.6319
95.8611
99.1847
100.0000
99.6319
92.6319
91.8542
99.3681
99.9653
99.0139
99.4792
99.8611
99.8403
94.7153
94.3333
95.9722
94.4306
87.5000
93.3889
99.0972
97.7083
89.5694
81.8667
93.9306
97.1944
94.3125
84.8472
81.6736
80.5764
79.1250
93.6347
72.0000
69.4167
66.4931
80.6111
78.3125
88.4375
79.2500
82.9028
82.5556
72.5208
67.9653
69.4028
78.4167
76.9514
83.1597
79.1667
73.8125
77.0625
65.5903
50.8889
34.1597
29.6667
49.0069
52.2917
73.1181
64.2431
52.7292
51.3125
93.0625
92.5421
96.0283
94.7567
88.1383
84.2437
84.2350
98.5833
99.2917
97.3054
87.5833
85.6592
82.2638
82.4796
86.6179
80.4658
92.8196
90.0967
89.4721
93.1733
81.4996
89.8258
86.6262
86.9171
100.0000
90.3679
87.7221
88.3896
85.9096
89.4721
88.8342
86.1225
87.5833
84.4521
89.1671
92.6875
98.2504
89.6388
93.6042
100.0000
99.9654
98.7571
97.8683
92.7633
91.4162
98.6946
94.4375
100.0000
97.0483
91.0417
92.3471
94.0767
94.5408
73.7775
84.0004
98.1737
99.0138
97.5071
97.2638
97.2921
93.4717
92.7504
89.8404
85.5000
87.6413
94.0558
95.2217
100.0000
95.1250
99.4654
96.6250
97.1254
95.6108
95.6325
87.2008
88.4854
95.8050
96.8888
98.0138
91.2779
94.7013
84.6737
97.9233
95.3546
82.1442
95.4042
81.7212
91.0692
92.0487
92.9721
92.3408
96.4375
91.1042
83.1046
79.6033
78.0271
80.6592
76.7717
69.7358
75.1937
78.2633
88.1246
78.9029
82.2079
81.3121
82.2079
81.6733
81.5363
93.2708
91.1246
88.0838
90.6525
95.1667
94.1183
84.1388
82.7292
82.0767
78.0058
95.5071
87.8821
99.1125
99.7083
99.1917
93.6792
97.1833
91.4250
96.9625
81.7042
74.5583
92.2292
92.8917
97.4958
92.3625
93.4583
96.2083
93.5125
89.6625
95.0625
92.8542
92.0292
99.9583
89.1083
87.2250
91.3250
89.5542
99.5500
85.3083
95.0458
90.4167
83.7833
94.0708
83.0833
89.2667
93.6458
94.2958
87.2458
90.6250
94.3208
89.0750
97.9833
75.8333
98.6083
99.9875
90.5042
88.6667
89.8333
92.5792
77.7917
91.1375
84.3125
94.7542
78.9708
88.1167
73.9250
89.0625
87.7083
80.5042
92.9500
81.8083
70.1333
80.5583
90.9750
84.4542
79.6500
90.9042
84.5458
91.6417
84.6583
94.7958
93.9583
92.7917
89.6333
89.0292
93.7000
90.3375
85.9833
92.2167
94.5000
82.1958
87.2542
84.7833
92.8000
91.7625
97.5500
91.5875
88.9125
85.0083
94.3042
90.1833
81.6583
84.4292
89.2250
88.4792
86.3417
84.3958
83.7250
87.9708
84.1042
89.7375
97.3708
96.6708
90.6083
95.9958
80.4417
91.7542
96.8375
96.3625
100.0000
100.0000
99.1625
