1015.5812
1016.5131
1015.5208
1018.8674
1018.6758
1016.0257
1016.0222
1015.0575
1016.4590
1013.5182
1013.1826
1018.6931
1023.8507
1022.1792
1024.7660
1023.5881
1028.9917
1031.2785
1026.5625
1020.7111
1020.5007
1019.9278
1016.0965
1003.2944
1011.2563
1018.3632
1014.3826
1016.8736
1021.7025
1019.0188
1016.1625
1017.5601
1023.4333
1027.0765
1026.2944
1020.9604
1015.4819
1010.3382
1008.1625
1012.7178
1008.0260
1009.6215
1007.9646
1010.4083
1012.0665
995.1013
994.7903
992.2042
988.9783
1006.3632
1006.8861
1016.5785
1006.0299
1004.7549
1000.4522
996.8507
1008.5929
1017.5229
1014.3181
1005.9597
1002.5694
1004.2340
1002.3906
1009.7329
1014.4063
1012.2271
1015.0639
1009.6674
1007.2521
1006.3632
1022.2257
1020.3531
1023.5722
1019.6397
1018.1840
1020.9133
1022.7021
1020.4660
1015.9954
1022.1819
1023.5119
1023.0212
1021.9840
1020.4004
1009.4396
1008.3350
1008.3382
1019.5500
1022.0838
1016.4908
1009.4279
1016.3257
1021.7525
1014.5160
1002.2463
1004.3181
1008.6153
1011.3175
1012.3819
1009.6672
1008.0451
996.8757
989.2535
991.5972
998.6194
1001.7918
1008.4943
997.5278
997.1472
1002.5813
1008.6323
1003.4007
1010.3660
995.2111
1005.9778
1016.6444
1024.5075
1027.6694
1030.9097
1028.7750
1023.5361
1013.0278
996.4604
990.8108
1007.8556
1021.7076
1022.7944
1013.2528
1007.4003
1019.3694
1022.9819
1012.3708
1016.4625
1014.2285
1008.4757
1007.5694
1010.1063
1012.4028
1013.9931
1012.8500
1010.6257
1002.5326
1003.7611
1000.5993
995.5104
1002.4965
1008.0556
1016.7757
1016.0022
1006.7986
1000.9611
999.8778
1007.1972
1021.6439
1027.5005
1023.6159
1016.9191
1014.8358
1022.8662
1028.0427
1023.0873
1007.8756
1000.3362
1003.2903
1008.4104
996.3194
991.8277
1001.6948
1014.5485
1019.0374
1021.3882
1018.8602
1018.3043
1015.5799
1012.1978
1015.7900
1020.0299
1020.5056
1020.2118
1016.4819
1011.1153
1009.5125
1011.6257
1012.8993
1016.9125
1020.7201
1023.9035
1029.6222
1026.5035
1025.1681
1027.6146
1027.5132
1028.5167
1025.7236
1022.6306
1022.8062
1025.9458
1022.5757
1018.8187
1019.0201
1017.2576
1006.6729
999.7847
1002.9944
1008.0111
1012.4569
1019.5075
1027.1875
1030.4931
1032.4451
1034.8132
1033.7890
1029.5944
1025.3819
1021.3375
1021.3743
1022.2051
1019.8813
1019.8604
1010.2799
1009.8944
1001.3118
994.3278
1000.8385
1015.9549
1014.5931
1018.1679
1022.0056
1021.8101
1024.8503
1027.6660
1028.7368
1025.7917
1026.2729
1023.8000
1016.5211
1005.7340
998.9535
997.9667
1008.6165
1018.7861
1017.8611
1016.5728
1017.5399
1016.6278
1016.6738
1019.5347
1019.3729
1013.9660
1012.7410
1019.1792
1022.5683
1016.9410
1010.2799
1011.8571
1012.3715
1016.2657
1025.2297
1028.3347
1031.7181
1031.3724
1026.9611
1024.1681
1024.7382
1027.3997
1026.3528
1022.7396
1026.2625
1023.6653
1022.6368
1026.5278
1030.3993
1028.6924
1023.2069
1018.4826
1018.7383
1022.6389
1019.9694
1020.3937
1026.9806
1019.2674
1023.3681
1023.8833
1027.4000
1029.0203
1031.7849
1032.2322
1030.2674
1034.3553
1033.1792
1032.6778
1032.9047
1033.5076
1035.5993
1034.5299
1031.1986
1014.5920
1026.2059
1033.0674
1035.4217
1033.2229
1032.3097
1032.0896
1029.8153
1029.4875
1029.3660
1029.9653
1029.2825
1026.3521
1021.4910
1016.1076
1015.0954
1028.1514
1034.4076
1037.1604
1034.8583
1031.7736
1026.3049
1022.6750
1024.0819
1020.0542
1018.1849
1021.8701
1026.8528
1025.3257
1024.5979
1020.6083
1015.1567
1017.4486
1027.2368
1033.1160
1030.0215
1029.5181
1026.5410
1026.2014
1028.5306
1025.3778
1023.2944
1025.9576
1028.1931
1023.2222
1028.1292
1026.2437
1023.5549
1021.8229
1024.3535
1027.8110
1027.2771
1028.3632
1029.3444
1027.6167
1024.6563
1023.9368
1023.3299
1021.5000
1022.4677
1004.3913
1012.0975
1008.2342
1008.2671
1017.3083
1023.8967
1023.2654
1018.0425
1014.1687
1010.0312
1014.9554
1025.0029
1022.2575
1019.0846
1018.6017
1014.8562
1008.4467
1013.3704
1017.0750
1016.8713
1020.1163
1022.3183
1019.5279
1016.6721
1017.0171
1013.6783
1009.6363
1010.6375
1013.3604
1007.0217
1014.7637
1025.1421
1027.9854
1022.5063
1020.4258
1019.2267
1016.8625
1024.8842
1025.7958
1022.1421
1020.6392
1014.9042
1010.0596
1005.7013
1015.4021
1019.8083
1022.9654
1023.0192
1019.8383
1017.7196
1020.7496
1025.1617
1022.9637
1015.0575
1014.7729
1026.9392
1031.7425
1031.0192
1025.0612
1030.4904
1022.6938
1021.1321
1029.0663
1035.7554
1037.5221
1034.1000
1029.8438
1027.5729
1028.6662
1025.2871
1024.5071
1022.6871
1016.4017
1015.9229
1021.5988
1019.9771
1013.2304
1014.8183
1004.3792
984.8079
1001.0804
1008.5487
1004.8058
1012.4600
1013.1758
1016.0596
1020.0150
1017.0821
1026.5075
1028.6783
1029.7117
1031.4279
1020.9292
1020.3850
1029.1217
1030.4837
1025.3379
1019.8804
1024.4787
1020.1225
1024.1888
1013.1471
1009.6550
1016.9033
1022.4513
1024.2929
1021.9138
1018.1146
1013.3233
1011.1500
1009.5058
1012.9675
1010.0908
1002.5288
1011.5508
1018.9321
1021.0679
1019.3892
1015.9187
1014.0158
1013.6917
1011.8208
1016.2333
1011.9250
1019.8125
1016.8083
1018.0042
1019.4750
1019.3208
1016.1500
1018.0292
1021.5417
1019.6792
1015.3333
1013.8917
1007.8333
999.8083
994.3958
1000.3750
1015.1625
1015.1042
1014.8208
1025.9500
1027.2417
1027.2792
1024.0167
1013.7292
1004.1458
999.2500
1008.6875
1010.6208
1011.9083
1017.7708
1008.3167
1007.0708
1007.9042
1006.0333
1013.6958
1007.4583
1001.1500
1007.7125
1013.9167
1016.2167
1015.4500
1008.7667
1010.8542
1015.8458
1011.5083
1015.5833
1021.7875
1019.0958
1020.5125
1022.7958
1015.8083
1013.2083
1017.6042
1024.4458
1026.3292
1019.0333
1023.1167
1019.7583
1009.1542
1002.3042
1012.1625
1016.1833
1015.1458
1012.4958
1011.1625
1011.3333
1001.6875
1009.6417
1008.7167
1006.3792
1009.5667
1011.6708
1011.3958
1012.2500
1014.6667
1016.3792
1016.6958
1013.8833
1013.3375
1018.2500
1017.7042
1012.0750
998.0458
986.4000
997.0125
1003.8125
1010.5375
1013.4333
1012.4250
1012.9000
1021.0542
1026.4625
1029.3625
1029.7917
1031.9000
1032.6625
1029.6083
1018.3083
1009.7083
1013.9250
1019.9833
1020.5958
1026.7042
1029.9375
1032.1208
1034.9625
1033.4167
