11.0007
8.3786
7.6701
7.2104
8.2438
10.0549
10.8271
12.3562
10.7562
12.2653
14.6979
10.6847
7.4813
9.0458
9.5208
10.6590
8.0549
7.1000
3.4542
5.9403
6.8722
5.1562
6.5000
4.4646
2.9319
4.6639
9.3840
6.2444
4.8368
7.9403
9.6028
9.3875
6.9000
7.4626
5.2722
2.5792
2.4861
1.6458
-0.4028
-1.6847
-1.5611
1.6646
-1.0549
-2.9521
-4.1007
3.7222
6.3583
2.6222
7.9201
1.9465
2.7437
1.2674
10.2417
10.9549
7.2347
4.7875
3.3565
4.3000
6.3347
6.1715
4.5951
1.4424
0.4486
-1.8104
-2.6542
-3.3854
-0.9528
3.6257
5.1965
6.3118
2.4340
7.8493
7.2979
8.1708
8.6229
5.8272
5.8354
6.6979
6.8076
5.6979
1.3167
1.3111
-0.3438
-1.0292
2.5236
3.1646
3.5035
1.4229
1.6215
2.8444
6.2757
5.2486
6.6215
5.1007
6.2368
3.0319
0.0861
-1.7376
-2.7979
-1.5347
-2.7486
-0.0910
2.8535
4.3215
1.9340
1.6204
1.8205
5.7242
7.6201
6.6167
7.6337
8.8090
6.5793
9.9833
6.4986
9.2583
8.4723
9.9639
10.6556
8.5771
8.5069
7.2021
6.8014
6.7991
5.2694
6.6507
9.9139
9.8368
7.6697
3.5882
1.9819
5.7611
4.0549
5.1076
6.4543
5.9479
3.1604
2.3514
1.2861
1.5979
-0.1243
-0.8118
-0.1375
-1.4597
0.8882
1.4146
-0.7264
-3.2333
-3.8257
4.4493
10.5556
10.2889
10.1611
5.2324
6.0486
7.3908
7.0546
7.5092
2.3427
-0.4930
-1.6621
-1.4873
-1.6241
-1.5821
4.0582
6.6091
7.2342
2.9851
0.0204
-2.0123
-2.9778
-0.7672
3.6366
4.9088
4.7593
6.3950
6.0104
6.1812
3.3875
6.2896
8.2674
10.4514
9.1278
8.4632
5.5938
3.8611
7.9042
5.9431
5.0701
2.9472
3.6771
2.3660
5.1403
6.3236
6.4264
4.5451
-1.1194
-2.0889
-1.3562
-1.1396
-0.8687
-2.1944
0.3653
0.9101
1.9403
1.2118
0.4626
0.8771
1.8215
2.5243
3.3590
3.9472
4.4257
5.6465
5.6965
4.6903
4.9299
5.3363
4.6007
4.5854
2.1292
4.3451
2.6208
2.8771
3.2882
7.6236
5.0792
5.9687
8.8611
7.5556
6.1972
7.9819
8.1264
5.2833
3.6229
11.6097
12.7042
8.8083
7.7986
7.0312
7.0479
8.6562
7.7924
9.8974
11.3917
12.2875
12.7021
11.6965
10.0944
6.7861
7.3201
6.6472
7.1750
8.3757
9.9201
9.3819
6.8146
9.1194
6.9243
5.3514
4.3028
1.7576
0.5729
1.6986
3.0451
4.2833
4.7257
2.4215
5.2847
8.6250
6.6743
3.8042
1.9104
1.2910
5.3049
5.2958
6.4465
7.3993
6.6444
5.8944
6.9417
2.1757
1.0771
0.2604
2.5917
3.9312
3.8986
2.0340
2.6104
1.3011
1.1785
1.5715
1.2174
1.7111
-0.0167
2.5861
4.4031
4.3333
2.4785
3.8972
1.4125
2.2604
3.6000
1.5924
0.4097
-1.3333
-2.1354
-2.8918
-1.8889
-1.5319
2.7403
2.2653
0.7222
1.6764
5.8876
5.1799
2.2090
1.6146
4.3924
5.4357
0.7021
1.3384
1.5688
1.4875
0.5104
0.3833
1.8326
0.3831
-2.1694
-3.2299
-2.5514
1.2910
4.5597
1.4264
-2.2910
-0.7674
-1.2229
-2.8201
-3.1333
-1.4799
1.5465
1.9222
1.3257
2.8451
1.6403
2.7174
0.6253
1.0167
3.9604
5.5785
5.7389
7.6465
8.2465
7.1319
7.8646
8.8189
7.9112
10.0075
12.0254
8.2721
5.0562
4.2246
5.0238
9.6467
9.6062
6.7658
3.6542
4.4617
4.7150
10.1850
11.4767
11.5758
9.7625
7.5438
5.8983
6.5038
6.4592
2.9675
6.1187
9.5883
9.9787
5.6467
1.7579
1.9275
1.8271
1.6479
0.8946
0.3096
1.9133
5.4638
2.7163
3.4987
5.7696
2.5571
0.0246
-1.9575
0.1067
1.4721
5.0546
9.6171
8.3325
8.2375
6.1371
6.6204
8.8462
7.9596
9.7675
9.7417
7.0325
7.6925
5.1767
1.3221
3.0150
4.8750
1.6625
3.1421
4.7408
5.0196
3.4437
4.7912
3.4133
3.4937
1.2238
-1.3396
1.6013
3.9838
7.4221
5.1333
4.9629
1.0408
2.1012
2.7183
5.6396
5.1317
9.6392
5.5958
2.6075
2.2629
0.2888
1.3146
4.6775
2.8846
7.3354
6.2563
2.2367
4.2233
6.7700
6.6042
7.2104
2.8925
1.6837
4.5021
5.3562
2.7808
2.1329
2.2933
1.8092
2.9833
1.2000
2.2350
6.2488
3.9700
4.7821
5.3442
4.5700
6.2054
6.2204
6.3779
6.5012
5.3733
-0.7025
-0.2700
-0.4417
0.7196
1.0325
0.9508
7.2708
9.2875
9.1583
4.2500
5.6125
8.4833
8.8500
8.1000
7.6750
4.3417
4.1292
5.0833
4.1500
7.2000
7.2250
4.1542
3.3417
3.4292
1.6500
1.8333
3.7458
4.9000
3.1292
4.6833
8.1875
5.6083
4.8417
2.9208
2.3625
2.7500
6.3250
4.1083
1.1208
1.3083
4.3250
5.3333
7.9875
3.9625
5.2708
2.9458
2.6375
2.4375
4.1208
9.2125
10.0000
4.3917
1.0792
2.9958
3.6708
4.2333
6.7083
3.3708
3.8833
5.3375
4.6875
5.2875
3.7708
6.8042
6.4083
14.1583
12.0583
9.5125
5.6708
5.8125
6.8833
9.4458
6.5000
5.3875
3.8958
7.8250
8.4417
11.7375
8.3583
6.2208
7.1917
6.6000
4.8875
8.2333
11.8250
10.4000
12.2667
11.0458
11.1167
9.3625
7.7667
6.2667
7.9750
8.0458
10.5167
7.0208
6.2167
4.7375
4.8333
3.2083
2.6583
3.2292
2.9292
2.6333
1.7833
0.6667
1.9750
6.5583
6.3625
4.6583
6.4250
4.8875
4.7917
2.5583
2.0375
3.7708
