14.0417
16.5463
16.9931
6.5833
8.8819
10.2431
7.2431
9.8264
10.9653
13.4444
14.4236
6.5694
4.1458
4.4931
4.1875
9.0000
11.5972
7.1111
1.6875
7.1181
4.0556
8.2500
13.3194
14.6667
13.1528
9.4792
12.7014
11.1528
7.1319
9.7917
13.8056
11.9514
4.6389
3.1111
3.8889
1.1389
5.4931
17.7292
14.0069
3.1042
2.8889
5.9931
4.7153
8.3889
3.2639
13.2847
13.4931
9.1250
17.1736
6.4861
6.8333
2.8472
14.5764
13.6319
14.3472
17.1111
13.2722
5.7917
6.5278
6.2917
8.0417
2.5972
13.7431
11.5347
6.6250
3.2708
3.2222
12.5347
12.4722
21.8819
2.5486
9.2500
3.6319
4.0208
10.1458
9.2569
2.7500
2.8819
5.0833
8.9097
10.0694
20.6528
18.0347
3.5069
9.4375
11.1458
12.3681
5.5035
1.6111
3.1319
9.1736
14.3472
10.4375
2.0972
6.3681
5.3889
4.0069
7.9139
9.2778
14.8889
7.9028
12.0486
8.0556
7.0972
5.4375
6.6458
8.0278
11.6167
16.8264
15.1528
19.3495
20.4306
8.9236
20.0208
9.2153
11.5278
3.2546
2.4097
5.7222
2.8194
2.9167
7.6181
21.5764
23.0185
10.5139
11.4097
6.9028
11.6528
11.5347
9.9514
3.2361
10.4722
8.4028
8.3333
18.7847
12.7153
6.4792
3.3542
4.6736
5.1250
2.7431
1.8264
3.9792
6.4375
4.3681
9.4306
10.1875
6.6944
4.5750
8.4514
12.7292
10.9361
11.6458
14.3907
9.4915
5.1093
2.5335
3.5412
8.8581
13.2401
6.3137
5.4950
3.4668
4.0785
7.8231
6.9658
6.2554
10.4396
8.4721
7.0621
4.5249
2.1791
4.0927
6.0634
7.8044
4.7355
1.3958
1.3264
3.4236
7.5278
13.2292
15.1458
16.2083
15.9028
3.0417
7.7014
12.1111
4.0694
1.1389
2.2986
1.0833
2.0556
4.6319
5.3333
7.2778
10.7639
15.1250
13.8819
15.9375
17.7292
10.5347
4.8333
5.4097
5.6181
5.6806
4.5625
6.2139
5.6806
10.7292
2.8403
1.9375
1.9653
1.3056
2.6319
3.1111
3.3958
3.2222
4.5833
4.9583
11.4375
12.9375
11.6403
14.5069
15.3750
4.9583
7.0278
7.5833
15.4028
15.0486
2.5694
5.7917
2.7639
4.4167
7.2014
11.0000
3.9514
13.3681
12.1389
4.7292
11.8125
10.2917
2.8819
4.4653
5.0833
5.6875
7.1458
9.1111
11.2917
9.5069
8.6528
5.8681
3.7500
5.2917
6.4861
6.7847
4.7778
5.4306
11.8681
5.6736
3.3333
4.4514
1.6875
1.8056
2.9792
3.1042
6.3819
10.7917
3.1042
5.6944
10.8889
7.1319
2.6528
1.8819
2.0833
5.1944
5.0903
9.7153
14.3125
14.3333
12.1875
19.3681
9.1736
3.1944
2.4097
4.6597
3.3958
3.9306
1.2569
8.7569
4.8111
3.3056
1.7431
2.2778
5.7153
1.6736
3.6389
6.9271
8.8090
4.5000
4.2500
3.3056
2.5417
5.8056
4.6181
1.7431
1.0347
0.6250
0.6111
1.5486
2.2222
4.2639
9.2889
3.3889
1.2569
2.4097
3.1806
1.8056
2.7222
8.4028
10.7014
2.8542
4.2380
14.3403
7.4236
3.1736
1.9097
4.2708
6.5597
10.3750
11.7639
7.1389
9.5764
9.1042
9.9583
7.8403
9.7083
10.9236
11.2500
11.9861
3.9792
10.2708
5.2986
11.6597
11.7083
2.8958
6.0833
9.5806
4.6875
7.3681
8.6181
3.3264
4.0903
9.8819
9.7847
5.2014
2.7847
13.8958
11.0000
8.4021
7.8892
7.6746
11.1254
10.2983
6.3608
2.3271
7.6392
8.0629
8.8467
6.4929
7.6525
7.2008
8.4517
5.0721
6.2704
2.1325
3.8058
6.5621
2.5754
3.9992
6.8475
4.6533
7.9929
6.8400
10.2508
8.2850
6.7854
8.7929
2.5371
5.0333
11.2075
11.3396
3.0275
2.9229
2.2642
1.7233
1.0629
1.0067
1.6046
11.6521
22.3887
14.4658
13.8608
7.5783
5.5842
5.9508
12.3758
14.5621
5.7779
2.3133
8.2842
6.0912
3.4304
5.2708
2.1117
7.6117
5.2637
9.1250
8.4683
4.6604
6.9379
1.9629
2.7988
1.7713
1.3204
1.3542
3.4787
6.4375
5.9650
12.8821
10.8333
10.0208
10.2429
15.9929
11.2779
19.5208
16.1950
13.2154
12.3967
14.4583
15.6742
15.3592
4.6458
8.5421
11.8537
5.9642
3.7712
5.0713
2.7896
14.8367
13.9513
4.5071
3.0412
8.0829
14.3192
10.0554
11.7850
3.5842
16.2217
15.2638
10.4654
9.5500
2.1879
2.7504
1.5904
3.3600
3.5017
7.5279
4.9650
5.7571
11.3675
8.1600
7.5692
4.8896
4.8338
9.4446
16.4717
13.8792
11.8167
11.5000
18.1792
11.0167
13.8875
7.5792
4.1792
4.1458
2.7375
2.4792
6.7792
12.0125
13.3208
10.9833
12.1458
8.9542
5.9000
7.1333
10.7542
7.3250
10.3917
4.0042
9.4083
9.2083
10.3833
18.1958
16.7167
10.5917
12.3083
11.6042
14.6417
6.9292
11.5042
17.1042
15.9958
19.8875
15.1458
19.0333
12.7333
18.3833
10.5458
9.3042
15.7250
18.0625
9.8958
3.4958
3.8625
3.5292
3.6208
10.4250
8.4542
6.6500
7.4958
8.4792
15.2583
9.4458
11.2667
19.9250
3.7125
5.7917
13.2458
11.6542
9.0542
7.6500
9.3875
8.7625
8.1708
6.2625
10.7875
9.8000
15.0042
10.0583
14.7125
16.2083
9.1292
3.1250
5.7792
6.8500
5.6250
3.7333
5.8708
5.7792
3.2667
2.1542
10.1208
10.6542
11.6083
14.3333
7.3042
4.5042
7.7667
3.8208
3.8625
6.0917
3.2417
5.1417
4.0875
1.7333
1.6958
5.0250
8.3792
9.2417
7.6542
6.5250
3.2042
1.6500
1.2542
1.3750
2.4792
