261.1111
269.8843
277.2222
243.6806
242.8472
235.5556
205.0694
196.5278
224.6528
179.3750
194.0278
235.4167
83.2639
172.2222
193.9583
202.0833
233.4028
239.5833
172.5000
194.8611
238.8889
237.0139
214.8611
245.4861
271.2500
243.4722
231.3889
278.5417
236.8056
196.9444
211.4583
229.7917
210.2083
189.0000
106.3889
248.7500
200.0000
41.3889
72.5694
218.6806
129.5139
161.5972
140.3472
87.9861
155.0000
175.9722
215.5556
153.6111
220.4167
137.1528
181.9444
181.8750
210.9028
217.0833
208.6111
223.6111
255.4722
197.8472
195.5556
101.5278
54.3750
226.5278
61.9444
327.3611
309.4444
160.6250
199.4444
211.4583
205.8333
267.0833
243.5417
211.2500
148.8889
159.6528
231.0417
245.2083
248.6111
160.9028
148.2639
105.2778
38.8194
45.5556
42.8472
174.5139
263.8889
257.2222
263.1250
135.6597
219.2361
164.2361
219.7222
241.1111
249.2361
216.3889
276.9444
253.5417
153.7500
183.1528
136.8056
53.7500
138.8889
67.0139
66.8056
224.9306
169.5833
278.9005
224.4097
185.4306
212.3611
221.3194
230.0810
216.3194
222.3611
172.0139
204.6528
295.6944
254.7338
183.5417
45.1389
189.5139
215.3472
306.7361
250.5556
259.0972
274.3750
235.8333
223.9583
203.0556
237.2338
265.1389
209.1667
244.8611
240.3472
184.3750
243.1944
275.4167
245.9028
173.4722
69.3750
250.6250
121.5972
170.7639
244.1667
93.2639
176.8056
251.0417
248.3333
261.3889
94.1389
145.4167
198.6806
191.0139
211.7361
70.2649
53.0813
109.1289
237.9796
166.9657
47.5241
53.4690
116.0539
236.6682
115.3032
228.9778
178.1768
155.2242
150.4481
236.8234
269.0318
75.0674
143.8449
206.2589
119.6259
94.2138
102.2939
96.8880
263.9583
262.6389
187.5694
248.6806
211.5278
204.9306
200.7639
202.6389
204.5833
223.6806
255.0000
232.5694
226.3194
186.8750
237.2222
193.4028
163.8889
80.0000
59.0278
44.1667
50.0694
51.1806
52.7778
54.2361
56.7361
126.4583
75.3472
174.9306
242.9861
200.2083
48.5556
143.1250
50.3472
230.7639
254.3056
125.2083
167.1528
188.5417
182.0833
165.2778
173.2639
186.7361
224.6528
221.8056
235.0000
245.4306
209.2361
273.0556
214.4444
228.2639
259.7222
250.9028
286.8750
240.6944
93.4722
234.5833
162.1528
150.9722
189.1667
205.0000
179.9306
199.5833
242.5694
313.8194
327.2917
240.4167
205.7639
159.2500
182.3611
180.8333
125.6250
127.9167
138.8889
190.3472
198.6111
71.6667
137.0833
105.3472
78.5417
167.9861
228.6806
41.7361
53.0556
179.3750
131.6667
167.4306
156.6667
159.7222
83.3333
201.0417
239.3750
260.8333
214.5139
258.1944
261.8750
166.5972
141.4583
220.2083
190.1389
240.6250
240.0000
212.7778
241.5278
230.2083
255.0000
270.9722
242.7083
252.2222
225.0000
179.7917
188.8194
238.0556
53.9583
107.7917
131.1111
142.6389
200.2083
81.1806
247.2917
199.5833
263.3333
249.0278
199.9306
198.3333
208.1250
161.3194
95.4167
151.5972
201.8056
170.0000
217.3611
217.0023
166.4861
226.7361
210.9722
126.3472
147.7083
190.7639
231.1806
168.3333
221.4583
210.0694
123.7500
58.4722
135.7639
144.8341
35.3472
144.8611
161.9444
240.7639
219.3056
190.1528
96.4583
95.6250
278.8889
215.2778
285.2083
129.1667
122.1528
55.0694
65.6250
56.3194
61.9444
243.1250
188.8889
162.3611
140.7639
52.1528
176.1806
91.1111
48.8750
81.7361
74.3056
53.0556
100.9722
215.4861
47.2222
52.2222
163.9583
209.1551
222.0125
222.5696
208.4021
234.7225
245.7642
116.3888
73.2642
117.5688
215.5563
244.9988
192.5704
92.0142
50.0004
79.0283
108.1938
138.4725
154.7079
103.6121
230.9717
203.1250
251.1804
158.1254
144.0979
197.9863
187.6387
271.3883
302.7775
309.3754
309.0979
174.1667
124.7100
263.0437
220.1671
266.4588
255.9729
187.9167
263.6813
183.2062
237.7775
167.7092
261.3896
201.8046
207.1521
219.5142
230.4863
231.9446
237.0283
207.1521
210.6254
227.9858
242.2917
227.7088
171.3196
181.3192
290.8321
224.1667
200.2088
181.7371
216.3892
231.8054
205.5558
280.6242
170.4162
56.5967
176.6392
285.0000
197.1521
170.2079
211.5275
199.6529
245.4854
176.0829
243.6800
277.9858
274.3750
252.0146
254.7217
250.3471
232.5008
242.5692
246.0425
253.2629
236.5279
258.5417
291.4304
247.9158
243.4725
237.4313
223.7496
186.4592
213.1250
190.8058
233.1800
314.5138
308.5421
204.4442
296.7362
293.4033
302.9171
281.8746
256.2500
241.2504
272.7079
264.7917
289.9992
203.9588
127.2917
199.6533
182.3608
161.1800
122.3604
173.9579
232.5975
242.5692
123.0550
248.4025
277.4304
282.2221
81.1104
45.3483
212.2167
221.8000
224.5833
238.6125
218.8958
197.2250
184.3750
147.4250
149.9375
147.0167
141.8083
187.2875
240.4875
254.1000
217.2833
226.1438
160.2875
209.1667
260.3417
247.8458
216.3917
292.0833
287.7042
266.1167
284.5167
241.7417
259.8708
240.9667
276.2583
274.6583
245.6958
260.3625
224.0333
216.0417
207.7833
233.9500
207.3083
221.8000
235.8333
193.4042
273.9458
227.9833
215.9125
172.7833
41.5333
47.7833
41.1958
43.1250
63.5542
48.3833
45.1625
50.5208
43.5208
26.8667
39.8542
46.9958
52.7042
47.9458
52.8333
205.9750
239.9958
221.5958
278.9500
297.2833
232.7000
245.2083
220.2708
278.4792
194.1042
208.8208
222.2917
191.3167
227.4333
232.9125
234.0333
246.2417
175.0792
99.9292
103.4750
87.7833
119.1667
101.6708
73.6792
196.7375
163.2542
118.9458
136.8750
38.2625
45.0000
259.5042
231.9917
74.5208
279.3083
298.4083
257.3458
200.8208
255.4125
217.6458
221.0458
196.8083
205.5625
137.7208
57.3708
142.4958
256.8167
242.0125
167.4292
194.1625
106.4625
190.2042
